"","AJOR_UW153152_S416","AJOR_UW155714_S474","AOPE_UW159762_S478","ATAN_UW150813_S404","AUNA_UW150790_S402","AUNA_UW150804_S403","AUNG_UW111933_S440","CAMB_UW152101_S459","CAMB_UW154478_S467","CAMB_UW158238_S448","CBOW_UW116034_S483","CBOW_UW119291_S389","CCAN_UW152005_S458","CCOL_UW119446_3_S392","CCOM_UW113669_S480","CCUR_UW153150_S469","CCYC_UW150847_S408","CCYC_UW151026_S409","CCYP_UW117988_S445","CCYP_UW119289_S388","CECT_UW150772_S401","CECT_UW153151_S464","CFAU_UW117078_S443","CFAU_UW156084_S475","CFUR_UW119389_2_S391","CFUR_UW150838_S405","CGIL_UW154885_S425","CGIL_UW154932_S427","CIAC_FAKU145603_S449","CLER_UW117918_S444","CLYC_UW159763_S468","CMEL_UW150588_S399","CMEL_UW153307_2_S418","CMEL_UW154677_S424","COST_UW49435_S479","CPHA_UW151261_S457","CSCO_UW151302_S411","CSCO_UW151304_S412","CSIM_UW154482_2_S421","CSIM_UW154482_3_S422","CSPA_UW154503_S471","CSPA_UW155710_S430","CSPA_UW158306_S477","CSPM_UW155719_S413","CSTA_UW119196_S386","CSTA_UW155711_S387","ECAU_UW119593_2_S394","ECAU_UW119593_S393","EORB_UW119821_S397","EORB_UW151223_S410","ETRE_UW150845_2_S406","ETRE_UW150845_3_S407","LCAL_UW157321_S432","LCAL_UW158059_S447","LCUR_UW44503_3_S438","LCUR_UW44504_S439","LCYC_UW151759_S455","LDEN_UW155676_4_S473","LDEN_UW155676_5_S429","LFAB_UW153118_S462","LFAB_UW153122_S463","LFLE_UW119829_S398","LFLE_UW159752_S433","LFLO_UW151666_S454","LFUC_UW155026_S428","LGIB_UW153834_2_S466","LGIB_UW153834_S465","LGRE_UW112669_S441","LMAR_UW153108_S461","LMAR_UW153127_S415","LNAN_UW119179_2_S452","LNAN_UW119179_3_S453","LOCH_UW49438_S434","LPUL_UW115848_S482","LSIM_UW44502_S437","LTUN_UW153126_S456","LTUN_UW154464_S420","NPEL_UW155470_S472","PALB_UW151419_S414","PCEP_UW153529_S470","PCOP_UW118898_S451","PDAC_UW153045_S460","PDAC_UW154897_S426","PGAR_UW118897_S446","PGRA_UW119304_S390","PGRA_UW155715_S431","PHOL_UW153155_S417","PMEN_UW115470_S481","PMEN_UW150606_S400","PPEC_UW153526_2_S423","PPEN_UW119192_S385","PPTY_UW116036_S442","PROS_UW153323_S419","PULO_UW119776_S395","PULO_UW119777_S396","RATT_UW116039_S450","RBAR_UW157184_S476"
"AJOR_UW153152_S416",0,2369,2341,2394,2407,2421,1963,2411,2381,1757,2367,2367,1699,2394,2339,2275,2393,2283,2124,2387,2401,2393,2194,2303,2408,2399,1784,1794,1887,2086,725,2307,2171,2144,2395,2416,2024,1814,2127,2275,2395,1999,2404,374,1889,1559,2396,2321,2178,2382,2364,2397,1739,1449,2407,2161,2335,2213,2166,2308,2173,2365,1622,2354,2047,2401,2395,2372,2410,2282,2255,2337,1983,2291,2383,2401,2164,2232,2013,2318,2397,2417,1671,2232,2375,1815,2024,2117,2390,2040,1981,1939,1849,2192,2003,1622,2209
"AJOR_UW155714_S474",2369,0,2630,2710,2736,2751,2099,2765,2679,1858,2654,2673,1780,2721,2644,2527,2712,2510,2310,2692,2730,2717,2433,2593,2741,2714,1863,1868,2000,2278,726,2587,2371,2328,2731,2759,2146,1896,2314,2520,2726,2147,2740,373,2023,1618,2697,2602,2382,2674,2659,2707,1811,1499,2751,2390,2626,2438,2350,2598,2407,2675,1702,2660,2214,2729,2734,2694,2755,2521,2497,2623,2136,2557,2722,2744,2370,2482,2164,2625,2724,2758,1746,2494,2685,1904,2190,2322,2697,2211,2142,2090,1959,2413,2165,1670,2445
"AOPE_UW159762_S478",2341,2630,0,2670,2698,2707,2095,2710,2642,1843,2616,2642,1785,2676,2606,2497,2672,2487,2287,2658,2695,2673,2408,2548,2697,2674,1861,1866,2000,2266,734,2549,2349,2319,2686,2711,2137,1884,2303,2495,2687,2130,2691,374,2005,1612,2659,2577,2367,2633,2625,2674,1807,1504,2704,2357,2590,2400,2324,2554,2380,2640,1686,2615,2201,2679,2683,2648,2705,2501,2465,2583,2121,2527,2678,2698,2353,2463,2149,2575,2685,2714,1738,2458,2646,1905,2176,2312,2658,2189,2130,2073,1935,2392,2155,1674,2418
"ATAN_UW150813_S404",2394,2710,2670,0,2778,2790,2123,2802,2713,1868,2689,2714,1793,2761,2676,2544,2753,2542,2335,2735,2775,2750,2447,2611,2774,2750,1875,1897,2008,2302,731,2618,2394,2368,2762,2795,2176,1914,2336,2548,2764,2164,2774,375,2040,1629,2730,2637,2421,2715,2696,2749,1815,1511,2788,2410,2660,2447,2376,2622,2431,2714,1713,2686,2230,2764,2769,2727,2794,2565,2524,2650,2163,2587,2757,2780,2397,2511,2194,2659,2762,2794,1751,2512,2734,1920,2221,2348,2737,2226,2159,2101,1968,2440,2192,1680,2460
"AUNA_UW150790_S402",2407,2736,2698,2778,0,2823,2134,2832,2740,1872,2715,2744,1798,2797,2699,2572,2782,2569,2356,2767,2804,2784,2474,2637,2811,2782,1877,1897,2028,2324,729,2647,2407,2381,2794,2831,2183,1909,2355,2569,2797,2178,2807,374,2049,1635,2766,2673,2442,2742,2725,2779,1825,1512,2818,2432,2687,2471,2389,2652,2453,2744,1717,2711,2249,2794,2804,2754,2827,2590,2552,2673,2169,2613,2794,2812,2416,2531,2208,2679,2794,2829,1750,2546,2752,1932,2237,2370,2770,2252,2177,2120,1966,2456,2210,1690,2481
"AUNA_UW150804_S403",2421,2751,2707,2790,2823,0,2150,2847,2751,1878,2730,2755,1804,2805,2711,2580,2801,2579,2365,2773,2819,2797,2487,2653,2822,2795,1892,1906,2033,2332,736,2659,2417,2385,2804,2846,2189,1924,2362,2586,2814,2179,2821,377,2056,1637,2780,2681,2447,2753,2742,2795,1831,1520,2834,2442,2698,2479,2402,2664,2459,2754,1725,2724,2258,2807,2816,2771,2838,2598,2558,2697,2175,2617,2803,2827,2424,2543,2215,2692,2806,2846,1759,2550,2769,1942,2241,2375,2784,2260,2185,2122,1976,2472,2219,1691,2494
"AUNG_UW111933_S440",1963,2099,2095,2123,2134,2150,0,2146,2136,1656,2100,2104,1610,2127,2086,2046,2130,2034,1947,2120,2139,2140,2004,2079,2136,2126,1660,1665,1776,1908,716,2066,1950,1935,2139,2151,1834,1674,1941,2035,2131,1840,2137,370,1757,1484,2112,2082,1964,2111,2094,2131,1628,1397,2147,1988,2098,1998,1937,2081,1982,2110,1542,2109,1873,2127,2128,2116,2147,2036,2014,2084,1828,2043,2138,2136,1954,2041,1830,2083,2128,2151,1574,2024,2118,1666,1849,1930,2125,1863,1814,1799,1717,1974,1840,1535,1999
"CAMB_UW152101_S459",2411,2765,2710,2802,2832,2847,2146,0,2763,1872,2745,2759,1798,2816,2728,2590,2813,2578,2366,2786,2826,2805,2489,2663,2831,2806,1887,1894,2029,2332,725,2672,2418,2394,2821,2859,2190,1918,2360,2584,2827,2183,2835,371,2055,1631,2785,2686,2456,2763,2741,2798,1825,1511,2854,2448,2709,2487,2405,2676,2474,2763,1717,2738,2253,2825,2834,2792,2855,2604,2569,2701,2176,2635,2818,2848,2422,2556,2215,2710,2822,2857,1760,2559,2775,1933,2241,2382,2796,2257,2186,2130,1975,2475,2208,1679,2504
"CAMB_UW154478_S467",2381,2679,2642,2713,2740,2751,2136,2763,0,1865,2661,2683,1778,2732,2640,2532,2714,2527,2324,2702,2737,2725,2439,2593,2741,2719,1871,1883,2010,2285,732,2589,2383,2347,2728,2767,2153,1906,2316,2527,2729,2150,2736,375,2021,1625,2700,2621,2397,2686,2669,2716,1814,1510,2749,2392,2635,2435,2349,2604,2417,2677,1701,2661,2216,2729,2735,2696,2755,2536,2507,2624,2139,2562,2722,2747,2369,2494,2178,2631,2735,2760,1743,2489,2694,1906,2203,2335,2704,2212,2150,2092,1956,2421,2177,1683,2442
"CAMB_UW158238_S448",1757,1858,1843,1868,1872,1878,1656,1872,1865,0,1847,1846,1511,1862,1835,1808,1859,1807,1741,1854,1861,1864,1786,1830,1874,1863,1533,1551,1621,1716,697,1821,1756,1733,1871,1878,1671,1540,1734,1806,1857,1659,1863,370,1592,1377,1861,1825,1763,1864,1839,1858,1511,1321,1873,1789,1841,1781,1751,1831,1760,1845,1436,1845,1701,1862,1868,1854,1875,1791,1801,1833,1644,1803,1868,1867,1754,1793,1650,1827,1870,1878,1466,1798,1861,1527,1659,1743,1863,1669,1644,1639,1586,1760,1659,1468,1776
"CBOW_UW116034_S483",2367,2654,2616,2689,2715,2730,2100,2745,2661,1847,0,2663,1780,2706,2630,2521,2694,2506,2303,2681,2710,2696,2409,2567,2714,2694,1859,1874,1992,2270,725,2571,2354,2332,2713,2743,2146,1889,2303,2510,2710,2133,2718,371,2007,1616,2682,2589,2367,2664,2642,2693,1809,1495,2732,2374,2623,2425,2343,2584,2404,2659,1702,2649,2200,2710,2716,2681,2736,2520,2491,2605,2132,2549,2704,2728,2356,2475,2160,2603,2713,2735,1743,2478,2671,1903,2190,2329,2687,2210,2142,2084,1946,2404,2157,1673,2421
"CBOW_UW119291_S389",2367,2673,2642,2714,2744,2755,2104,2759,2683,1846,2663,0,1789,2723,2634,2522,2717,2518,2313,2699,2736,2719,2432,2580,2743,2713,1860,1882,1999,2282,731,2586,2366,2345,2725,2756,2155,1902,2316,2521,2731,2141,2738,376,2016,1613,2710,2617,2385,2679,2673,2716,1812,1506,2747,2382,2629,2412,2354,2584,2401,2678,1706,2650,2211,2726,2728,2686,2754,2539,2505,2619,2134,2558,2719,2741,2370,2488,2183,2621,2726,2758,1751,2482,2691,1915,2201,2317,2707,2214,2154,2084,1957,2413,2177,1683,2435
"CCAN_UW152005_S458",1699,1780,1785,1793,1798,1804,1610,1798,1778,1511,1780,1789,0,1794,1765,1750,1783,1746,1684,1790,1796,1790,1736,1764,1802,1792,1491,1515,1583,1667,704,1763,1693,1681,1800,1805,1628,1520,1671,1742,1795,1619,1795,369,1559,1375,1793,1764,1688,1784,1781,1796,1481,1311,1802,1714,1779,1719,1694,1760,1713,1775,1415,1776,1646,1792,1789,1788,1801,1754,1741,1769,1597,1752,1799,1800,1696,1727,1616,1754,1800,1805,1446,1732,1794,1507,1611,1683,1793,1628,1594,1589,1547,1694,1616,1432,1731
"CCOL_UW119446_3_S392",2394,2721,2676,2761,2797,2805,2127,2816,2732,1862,2706,2723,1794,0,2685,2559,2767,2555,2348,2754,2789,2770,2456,2628,2798,2777,1872,1891,2017,2314,734,2635,2407,2374,2783,2818,2178,1908,2343,2557,2780,2165,2788,376,2042,1631,2753,2651,2423,2727,2712,2766,1820,1514,2801,2419,2673,2459,2380,2639,2446,2732,1709,2695,2240,2781,2785,2742,2807,2577,2534,2663,2160,2603,2773,2797,2408,2519,2196,2667,2779,2815,1749,2529,2748,1924,2229,2358,2751,2241,2158,2105,1964,2454,2195,1683,2468
"CCOM_UW113669_S480",2339,2644,2606,2676,2699,2711,2086,2728,2640,1835,2630,2634,1765,2685,0,2502,2678,2477,2300,2661,2692,2682,2399,2568,2699,2676,1852,1858,1985,2258,720,2563,2341,2326,2698,2723,2134,1877,2298,2493,2695,2129,2708,373,2005,1606,2670,2571,2362,2635,2624,2673,1790,1495,2716,2368,2601,2408,2330,2563,2387,2648,1685,2623,2187,2691,2702,2665,2721,2507,2479,2586,2115,2536,2689,2710,2337,2453,2146,2586,2691,2721,1730,2461,2648,1895,2170,2313,2672,2184,2121,2076,1938,2392,2156,1660,2421
"CCUR_UW153150_S469",2275,2527,2497,2544,2572,2580,2046,2590,2532,1808,2521,2522,1750,2559,2502,0,2554,2398,2226,2534,2567,2556,2327,2456,2574,2555,1828,1833,1954,2193,721,2449,2275,2241,2569,2592,2079,1853,2230,2405,2564,2067,2570,372,1945,1601,2540,2463,2292,2526,2516,2555,1781,1470,2577,2293,2510,2340,2256,2469,2308,2526,1672,2519,2132,2562,2568,2535,2584,2407,2387,2484,2063,2424,2560,2575,2273,2389,2092,2480,2569,2588,1711,2375,2527,1857,2118,2241,2547,2130,2077,2027,1895,2289,2088,1638,2333
"CCYC_UW150847_S408",2393,2712,2672,2753,2782,2801,2130,2813,2714,1859,2694,2717,1783,2767,2678,2554,0,2549,2342,2742,2783,2761,2460,2630,2787,2757,1874,1890,2012,2301,726,2632,2395,2357,2773,2808,2174,1911,2335,2557,2778,2167,2787,372,2042,1623,2743,2645,2429,2725,2706,2757,1819,1515,2798,2415,2668,2450,2378,2634,2435,2721,1710,2692,2231,2775,2781,2738,2807,2572,2532,2663,2152,2595,2769,2790,2401,2510,2199,2666,2779,2805,1746,2523,2733,1923,2222,2352,2751,2234,2158,2113,1966,2449,2192,1676,2469
"CCYC_UW151026_S409",2283,2510,2487,2542,2569,2579,2034,2578,2527,1807,2506,2518,1746,2555,2477,2398,2549,0,2238,2541,2563,2552,2311,2445,2570,2553,1831,1844,1949,2179,735,2437,2288,2246,2558,2581,2089,1856,2236,2402,2551,2079,2558,377,1963,1607,2543,2463,2285,2530,2523,2556,1780,1488,2569,2285,2483,2331,2254,2442,2307,2517,1681,2501,2135,2552,2554,2521,2572,2404,2363,2471,2052,2422,2558,2559,2265,2358,2087,2467,2562,2579,1710,2366,2532,1857,2109,2224,2536,2128,2076,1991,1915,2293,2098,1658,2320
"CCYP_UW117988_S445",2124,2310,2287,2335,2356,2365,1947,2366,2324,1741,2303,2313,1684,2348,2300,2226,2342,2238,0,2330,2351,2345,2162,2268,2354,2336,1761,1768,1867,2063,726,2253,2136,2083,2346,2371,1976,1777,2075,2212,2347,1961,2356,375,1857,1530,2333,2269,2145,2327,2312,2334,1698,1451,2358,2130,2285,2176,2120,2272,2153,2312,1618,2305,2025,2342,2348,2322,2363,2232,2208,2271,1938,2243,2345,2350,2116,2209,1967,2277,2345,2367,1647,2208,2328,1764,1984,2091,2344,1991,1957,1910,1831,2141,1974,1602,2176
"CCYP_UW119289_S388",2387,2692,2658,2735,2767,2773,2120,2786,2702,1854,2681,2699,1790,2754,2661,2534,2742,2541,2330,0,2764,2745,2449,2601,2769,2748,1869,1882,2008,2305,730,2609,2385,2366,2754,2786,2174,1906,2337,2545,2755,2160,2762,373,2038,1629,2730,2632,2407,2704,2687,2738,1819,1507,2772,2405,2652,2448,2364,2613,2419,2709,1711,2673,2221,2750,2756,2711,2781,2553,2523,2636,2152,2587,2744,2768,2380,2498,2190,2637,2749,2788,1750,2503,2724,1919,2211,2343,2724,2230,2151,2101,1962,2432,2190,1684,2444
"CECT_UW150772_S401",2401,2730,2695,2775,2804,2819,2139,2826,2737,1861,2710,2736,1796,2789,2692,2567,2783,2563,2351,2764,0,2778,2471,2639,2808,2779,1886,1896,2020,2317,733,2646,2405,2385,2794,2824,2180,1914,2349,2569,2793,2183,2801,377,2054,1634,2763,2667,2435,2734,2724,2774,1827,1511,2812,2428,2676,2463,2383,2647,2441,2744,1716,2707,2239,2791,2798,2754,2820,2585,2544,2674,2165,2607,2786,2807,2406,2526,2199,2676,2792,2827,1755,2535,2757,1927,2226,2366,2766,2250,2174,2112,1966,2455,2203,1683,2485
"CECT_UW153151_S464",2393,2717,2673,2750,2784,2797,2140,2805,2725,1864,2696,2719,1790,2770,2682,2556,2761,2552,2345,2745,2778,0,2463,2630,2783,2763,1873,1893,2026,2311,729,2623,2397,2365,2773,2810,2177,1916,2343,2552,2772,2160,2785,374,2040,1631,2741,2647,2419,2722,2697,2756,1820,1515,2801,2417,2665,2461,2375,2635,2442,2724,1714,2697,2231,2776,2780,2736,2801,2573,2530,2660,2165,2593,2769,2788,2391,2514,2205,2669,2770,2806,1750,2527,2735,1926,2216,2346,2749,2240,2169,2108,1965,2445,2197,1688,2473
"CFAU_UW117078_S443",2194,2433,2408,2447,2474,2487,2004,2489,2439,1786,2409,2432,1736,2456,2399,2327,2460,2311,2162,2449,2471,2463,0,2373,2479,2455,1792,1822,1935,2142,731,2370,2201,2177,2473,2488,2027,1822,2160,2314,2472,2021,2479,374,1922,1575,2450,2381,2213,2431,2420,2457,1747,1477,2487,2228,2403,2265,2187,2370,2238,2428,1659,2411,2096,2463,2470,2445,2487,2332,2310,2398,2021,2361,2462,2480,2208,2310,2035,2388,2476,2492,1684,2298,2443,1830,2055,2169,2455,2077,2006,1971,1871,2235,2051,1629,2269
"CFAU_UW156084_S475",2303,2593,2548,2611,2637,2653,2079,2663,2593,1830,2567,2580,1764,2628,2568,2456,2630,2445,2268,2601,2639,2630,2373,0,2642,2620,1846,1859,1975,2236,725,2516,2310,2288,2639,2669,2119,1864,2268,2453,2636,2111,2649,372,1993,1601,2609,2519,2335,2590,2581,2610,1789,1489,2661,2330,2544,2383,2297,2512,2355,2592,1688,2571,2172,2634,2643,2604,2662,2469,2436,2542,2092,2479,2633,2650,2309,2421,2119,2553,2627,2660,1717,2434,2598,1871,2139,2261,2610,2174,2091,2054,1919,2345,2119,1660,2430
"CFUR_UW119389_2_S391",2408,2741,2697,2774,2811,2822,2136,2831,2741,1874,2714,2743,1802,2798,2699,2574,2787,2570,2354,2769,2808,2783,2479,2642,0,2783,1890,1899,2034,2327,736,2648,2411,2382,2799,2831,2189,1916,2356,2575,2796,2177,2804,377,2053,1633,2770,2668,2437,2742,2729,2779,1829,1523,2817,2431,2689,2468,2391,2652,2445,2746,1720,2710,2243,2793,2798,2757,2823,2588,2551,2679,2172,2616,2788,2811,2414,2533,2208,2679,2792,2829,1760,2543,2763,1935,2238,2366,2768,2246,2178,2117,1975,2463,2208,1689,2484
"CFUR_UW150838_S405",2399,2714,2674,2750,2782,2795,2126,2806,2719,1863,2694,2713,1792,2777,2676,2555,2757,2553,2336,2748,2779,2763,2455,2620,2783,0,1874,1889,2015,2311,732,2620,2400,2370,2771,2803,2178,1915,2341,2562,2771,2162,2779,372,2036,1629,2743,2642,2419,2721,2703,2754,1815,1507,2792,2415,2660,2445,2376,2629,2439,2717,1708,2689,2234,2771,2778,2731,2797,2565,2529,2652,2153,2594,2761,2785,2402,2513,2196,2657,2769,2805,1751,2519,2735,1926,2222,2352,2740,2234,2160,2099,1962,2437,2193,1687,2464
"CGIL_UW154885_S425",1784,1863,1861,1875,1877,1892,1660,1887,1871,1533,1859,1860,1491,1872,1852,1828,1874,1831,1761,1869,1886,1873,1792,1846,1890,1874,0,1579,1608,1726,704,1834,1779,1768,1880,1889,1698,1576,1755,1831,1877,1693,1880,370,1628,1422,1873,1843,1785,1875,1864,1877,1529,1326,1884,1766,1858,1783,1769,1831,1764,1870,1457,1861,1720,1876,1878,1867,1883,1825,1811,1843,1668,1827,1874,1877,1772,1807,1677,1849,1880,1889,1482,1788,1871,1545,1681,1744,1879,1716,1655,1628,1592,1770,1696,1448,1785
"CGIL_UW154932_S427",1794,1868,1866,1897,1897,1906,1665,1894,1883,1551,1874,1882,1515,1891,1858,1833,1890,1844,1768,1882,1896,1893,1822,1859,1899,1889,1579,0,1648,1746,706,1864,1803,1788,1891,1902,1716,1594,1791,1846,1891,1708,1893,369,1651,1442,1887,1857,1801,1895,1884,1898,1556,1332,1899,1791,1870,1799,1789,1852,1788,1883,1503,1877,1743,1892,1890,1870,1898,1842,1826,1861,1704,1850,1885,1892,1784,1814,1711,1854,1897,1903,1507,1815,1888,1593,1718,1754,1891,1728,1680,1649,1627,1791,1714,1454,1811
"CIAC_FAKU145603_S449",1887,2000,2000,2008,2028,2033,1776,2029,2010,1621,1992,1999,1583,2017,1985,1954,2012,1949,1867,2008,2020,2026,1935,1975,2034,2015,1608,1648,0,1833,707,1959,1872,1864,2027,2036,1779,1639,1866,1947,2022,1778,2025,368,1709,1454,2015,1974,1888,2011,1994,2016,1571,1380,2033,1907,1998,1923,1872,1980,1906,2008,1517,2001,1800,2023,2022,2006,2033,1942,1928,1992,1755,1961,2023,2019,1878,1937,1776,1977,2024,2038,1547,1936,2007,1625,1773,1860,2022,1801,1749,1741,1675,1877,1767,1509,1918
"CLER_UW117918_S444",2086,2278,2266,2302,2324,2332,1908,2332,2285,1716,2270,2282,1667,2314,2258,2193,2301,2179,2063,2305,2317,2311,2142,2236,2327,2311,1726,1746,1833,0,722,2227,2081,2076,2320,2340,1945,1747,2062,2183,2318,1932,2313,373,1850,1529,2301,2238,2107,2278,2278,2301,1696,1436,2335,2128,2269,2139,2094,2239,2122,2288,1591,2266,1989,2316,2322,2292,2331,2193,2183,2251,1920,2221,2312,2327,2089,2171,1950,2247,2314,2338,1633,2178,2291,1760,1954,2056,2306,1980,1922,1877,1788,2118,1957,1579,2136
"CLYC_UW159763_S468",725,726,734,731,729,736,716,725,732,697,725,731,704,734,720,721,726,735,726,730,733,729,731,725,736,732,704,706,707,722,0,724,723,725,733,732,725,706,717,731,726,714,724,295,704,681,734,728,725,731,733,733,700,674,729,726,729,727,723,727,720,729,694,728,722,727,722,726,727,729,727,728,710,721,729,728,729,723,718,720,728,737,692,725,734,706,717,723,729,713,715,711,711,724,715,689,720
"CMEL_UW150588_S399",2307,2587,2549,2618,2647,2659,2066,2672,2589,1821,2571,2586,1763,2635,2563,2449,2632,2437,2253,2609,2646,2623,2370,2516,2648,2620,1834,1864,1959,2227,724,0,2309,2302,2639,2670,2107,1867,2268,2454,2641,2112,2644,373,1984,1602,2613,2526,2324,2586,2578,2623,1787,1487,2655,2315,2543,2363,2287,2516,2338,2596,1687,2567,2170,2644,2642,2606,2664,2463,2437,2547,2090,2479,2635,2650,2305,2423,2131,2535,2640,2665,1726,2418,2596,1882,2134,2272,2616,2167,2094,2048,1915,2359,2132,1648,2381
"CMEL_UW153307_2_S418",2171,2371,2349,2394,2407,2417,1950,2418,2383,1756,2354,2366,1693,2407,2341,2275,2395,2288,2136,2385,2405,2397,2201,2310,2411,2400,1779,1803,1872,2081,723,2309,0,2145,2408,2422,2003,1805,2145,2279,2397,2004,2396,374,1900,1555,2380,2325,2175,2372,2368,2395,1734,1445,2409,2163,2336,2204,2154,2315,2180,2368,1641,2347,2042,2397,2402,2367,2419,2287,2247,2330,1980,2295,2392,2406,2176,2236,2001,2330,2400,2420,1668,2235,2380,1794,2011,2132,2390,2052,1975,1914,1843,2177,2002,1618,2201
"CMEL_UW154677_S424",2144,2328,2319,2368,2381,2385,1935,2394,2347,1733,2332,2345,1681,2374,2326,2241,2357,2246,2083,2366,2385,2365,2177,2288,2382,2370,1768,1788,1864,2076,725,2302,2145,0,2376,2395,1993,1793,2132,2239,2376,1998,2375,370,1881,1569,2357,2302,2147,2344,2332,2366,1728,1436,2386,2140,2306,2179,2124,2274,2163,2345,1628,2333,2029,2371,2372,2342,2384,2244,2231,2309,1971,2267,2367,2381,2136,2214,1985,2292,2376,2398,1661,2212,2354,1792,1993,2106,2366,2025,1975,1909,1842,2169,1998,1606,2190
"COST_UW49435_S479",2395,2731,2686,2762,2794,2804,2139,2821,2728,1871,2713,2725,1800,2783,2698,2569,2773,2558,2346,2754,2794,2773,2473,2639,2799,2771,1880,1891,2027,2320,733,2639,2408,2376,0,2820,2183,1915,2345,2568,2783,2173,2796,374,2046,1632,2754,2654,2434,2727,2715,2765,1817,1515,2809,2435,2686,2467,2390,2645,2446,2733,1713,2704,2245,2785,2793,2749,2816,2578,2551,2666,2163,2613,2783,2804,2408,2523,2196,2673,2789,2819,1759,2533,2750,1930,2230,2366,2755,2241,2175,2113,1972,2450,2202,1688,2478
"CPHA_UW151261_S457",2416,2759,2711,2795,2831,2846,2151,2859,2767,1878,2743,2756,1805,2818,2723,2592,2808,2581,2371,2786,2824,2810,2488,2669,2831,2803,1889,1902,2036,2340,732,2670,2422,2395,2820,0,2191,1926,2364,2589,2820,2184,2832,376,2058,1638,2784,2686,2455,2763,2747,2797,1830,1518,2846,2451,2706,2483,2404,2679,2469,2765,1725,2734,2255,2817,2831,2782,2851,2602,2574,2698,2182,2629,2815,2839,2425,2548,2218,2701,2819,2856,1762,2559,2777,1934,2244,2385,2790,2259,2187,2129,1977,2475,2210,1695,2504
"CSCO_UW151302_S411",2024,2146,2137,2176,2183,2189,1834,2190,2153,1671,2146,2155,1628,2178,2134,2079,2174,2089,1976,2174,2180,2177,2027,2119,2189,2178,1698,1716,1779,1945,725,2107,2003,1993,2183,2191,0,1730,1986,2102,2174,1879,2168,372,1796,1510,2172,2119,2026,2163,2162,2174,1657,1412,2178,2005,2136,2036,2006,2111,2003,2155,1582,2136,1927,2170,2164,2151,2183,2087,2063,2126,1850,2097,2167,2176,1997,2052,1897,2113,2171,2194,1612,2064,2159,1728,1895,1964,2176,1927,1858,1808,1768,2015,1869,1550,2030
"CSCO_UW151304_S412",1814,1896,1884,1914,1909,1924,1674,1918,1906,1540,1889,1902,1520,1908,1877,1853,1911,1856,1777,1906,1914,1916,1822,1864,1916,1915,1576,1594,1639,1747,706,1867,1805,1793,1915,1926,1730,0,1796,1855,1907,1699,1905,368,1643,1421,1909,1871,1808,1906,1896,1913,1558,1310,1913,1798,1889,1809,1785,1871,1783,1902,1464,1889,1752,1907,1901,1892,1917,1852,1849,1880,1686,1861,1909,1907,1810,1837,1706,1876,1911,1926,1494,1830,1914,1596,1723,1763,1908,1727,1682,1649,1613,1802,1708,1457,1813
"CSIM_UW154482_2_S421",2127,2314,2303,2336,2355,2362,1941,2360,2316,1734,2303,2316,1671,2343,2298,2230,2335,2236,2075,2337,2349,2343,2160,2268,2356,2341,1755,1791,1866,2062,717,2268,2145,2132,2345,2364,1986,1796,0,2242,2346,1984,2344,373,1868,1558,2338,2280,2125,2317,2318,2345,1719,1449,2354,2133,2298,2163,2118,2262,2144,2323,1636,2298,2033,2345,2342,2312,2355,2235,2206,2273,1963,2232,2337,2347,2139,2192,1967,2270,2340,2369,1664,2188,2332,1799,1984,2086,2341,2019,1964,1905,1824,2144,1981,1608,2171
"CSIM_UW154482_3_S422",2275,2520,2495,2548,2569,2586,2035,2584,2527,1806,2510,2521,1742,2557,2493,2405,2557,2402,2212,2545,2569,2552,2314,2453,2575,2562,1831,1846,1947,2183,731,2454,2279,2239,2568,2589,2102,1855,2242,0,2566,2085,2564,372,1962,1598,2551,2468,2296,2524,2514,2553,1785,1480,2574,2272,2484,2310,2244,2455,2292,2526,1670,2500,2124,2561,2565,2527,2583,2402,2380,2467,2064,2426,2552,2568,2276,2360,2100,2470,2560,2593,1705,2354,2530,1856,2114,2232,2550,2130,2076,2007,1902,2294,2104,1646,2322
"CSPA_UW154503_S471",2395,2726,2687,2764,2797,2814,2131,2827,2729,1857,2710,2731,1795,2780,2695,2564,2778,2551,2347,2755,2793,2772,2472,2636,2796,2771,1877,1891,2022,2318,726,2641,2397,2376,2783,2820,2174,1907,2346,2566,0,2170,2796,372,2046,1628,2757,2654,2434,2730,2715,2769,1817,1506,2814,2427,2678,2460,2382,2640,2451,2738,1713,2707,2236,2787,2797,2748,2816,2579,2543,2669,2163,2606,2782,2806,2399,2522,2201,2684,2787,2819,1750,2530,2744,1922,2222,2366,2763,2244,2174,2110,1965,2449,2198,1681,2479
"CSPA_UW155710_S430",1999,2147,2130,2164,2178,2179,1840,2183,2150,1659,2133,2141,1619,2165,2129,2067,2167,2079,1961,2160,2183,2160,2021,2111,2177,2162,1693,1708,1778,1932,714,2112,2004,1998,2173,2184,1879,1699,1984,2085,2170,0,2172,367,1804,1521,2165,2115,2027,2155,2139,2169,1676,1386,2176,1998,2133,2034,1991,2114,2005,2140,1568,2131,1913,2160,2169,2134,2181,2084,2071,2128,1858,2102,2154,2171,2000,2041,1872,2109,2168,2183,1601,2059,2153,1713,1873,1968,2169,1894,1861,1807,1760,2003,1862,1534,2036
"CSPA_UW158306_S477",2404,2740,2691,2774,2807,2821,2137,2835,2736,1863,2718,2738,1795,2788,2708,2570,2787,2558,2356,2762,2801,2785,2479,2649,2804,2779,1880,1893,2025,2313,724,2644,2396,2375,2796,2832,2168,1905,2344,2564,2796,2172,0,375,2042,1628,2765,2667,2442,2739,2721,2777,1815,1507,2826,2432,2686,2468,2395,2655,2448,2742,1712,2714,2237,2797,2806,2761,2832,2586,2548,2679,2164,2614,2791,2821,2411,2530,2200,2683,2796,2831,1748,2538,2750,1927,2229,2367,2770,2245,2168,2120,1962,2452,2199,1680,2484
"CSPM_UW155719_S413",374,373,374,375,374,377,370,371,375,370,371,376,369,376,373,372,372,377,375,373,377,374,374,372,377,372,370,369,368,373,295,373,374,370,374,376,372,368,373,372,372,367,375,0,365,368,375,375,373,375,376,377,365,367,373,372,373,372,373,372,372,373,371,374,370,372,369,373,373,372,373,375,369,371,374,373,375,374,373,370,374,377,362,371,375,369,372,373,377,372,371,372,372,370,371,363,370
"CSTA_UW119196_S386",1889,2023,2005,2040,2049,2056,1757,2055,2021,1592,2007,2016,1559,2042,2005,1945,2042,1963,1857,2038,2054,2040,1922,1993,2053,2036,1628,1651,1709,1850,704,1984,1900,1881,2046,2058,1796,1643,1868,1962,2046,1804,2042,365,0,1478,2035,1993,1899,2031,2026,2044,1597,1354,2056,1884,2005,1913,1901,1982,1904,2037,1529,2019,1824,2045,2045,2025,2057,1975,1959,1995,1776,1982,2052,2055,1899,1942,1783,2008,2044,2057,1537,1936,2037,1620,1782,1864,2045,1810,1769,1714,1687,1906,1795,1478,1913
"CSTA_UW155711_S387",1559,1618,1612,1629,1635,1637,1484,1631,1625,1377,1616,1613,1375,1631,1606,1601,1623,1607,1530,1629,1634,1631,1575,1601,1633,1629,1422,1442,1454,1529,681,1602,1555,1569,1632,1638,1510,1421,1558,1598,1628,1521,1628,368,1478,0,1626,1609,1564,1622,1626,1636,1402,1203,1638,1561,1622,1579,1564,1611,1561,1622,1356,1615,1537,1629,1625,1620,1634,1597,1585,1611,1507,1600,1636,1635,1564,1583,1508,1608,1627,1641,1370,1570,1631,1411,1489,1540,1629,1538,1473,1461,1453,1556,1493,1328,1568
"ECAU_UW119593_2_S394",2396,2697,2659,2730,2766,2780,2112,2785,2700,1861,2682,2710,1793,2753,2670,2540,2743,2543,2333,2730,2763,2741,2450,2609,2770,2743,1873,1887,2015,2301,734,2613,2380,2357,2754,2784,2172,1909,2338,2551,2757,2165,2765,375,2035,1626,0,2634,2411,2703,2702,2746,1813,1514,2771,2406,2650,2445,2372,2615,2431,2703,1702,2672,2225,2753,2760,2719,2781,2555,2522,2643,2143,2576,2744,2768,2387,2503,2186,2634,2751,2788,1749,2509,2716,1930,2214,2350,2736,2228,2157,2090,1960,2438,2190,1686,2452
"ECAU_UW119593_S393",2321,2602,2577,2637,2673,2681,2082,2686,2621,1825,2589,2617,1764,2651,2571,2463,2645,2463,2269,2632,2667,2647,2381,2519,2668,2642,1843,1857,1974,2238,728,2526,2325,2302,2654,2686,2119,1871,2280,2468,2654,2115,2667,375,1993,1609,2634,0,2345,2613,2605,2651,1786,1486,2669,2349,2565,2372,2304,2532,2367,2625,1691,2583,2164,2653,2660,2621,2679,2479,2439,2549,2096,2498,2647,2668,2333,2437,2143,2551,2657,2682,1725,2433,2622,1890,2162,2290,2632,2165,2115,2060,1934,2368,2144,1664,2381
"EORB_UW119821_S397",2178,2382,2367,2421,2442,2447,1964,2456,2397,1763,2367,2385,1688,2423,2362,2292,2429,2285,2145,2407,2435,2419,2213,2335,2437,2419,1785,1801,1888,2107,725,2324,2175,2147,2434,2455,2026,1808,2125,2296,2434,2027,2442,373,1899,1564,2411,2345,0,2414,2383,2421,1740,1446,2445,2206,2369,2211,2157,2343,2202,2401,1648,2383,2062,2427,2429,2396,2449,2285,2265,2351,1970,2317,2425,2440,2177,2253,2018,2352,2433,2456,1672,2254,2408,1798,2040,2133,2424,2056,1986,1939,1845,2192,2022,1598,2213
"EORB_UW151223_S410",2382,2674,2633,2715,2742,2753,2111,2763,2686,1864,2664,2679,1784,2727,2635,2526,2725,2530,2327,2704,2734,2722,2431,2590,2742,2721,1875,1895,2011,2278,731,2586,2372,2344,2727,2763,2163,1906,2317,2524,2730,2155,2739,375,2031,1622,2703,2613,2414,0,2664,2715,1822,1509,2750,2390,2625,2426,2360,2595,2408,2679,1711,2660,2221,2731,2735,2694,2760,2537,2504,2616,2142,2558,2724,2746,2383,2479,2179,2623,2730,2759,1746,2491,2694,1916,2206,2336,2708,2220,2151,2088,1967,2414,2169,1686,2432
"ETRE_UW150845_2_S406",2364,2659,2625,2696,2725,2742,2094,2741,2669,1839,2642,2673,1781,2712,2624,2516,2706,2523,2312,2687,2724,2697,2420,2581,2729,2703,1864,1884,1994,2278,733,2578,2368,2332,2715,2747,2162,1896,2318,2514,2715,2139,2721,376,2026,1626,2702,2605,2383,2664,0,2712,1795,1508,2730,2369,2615,2420,2349,2587,2402,2669,1706,2638,2207,2706,2723,2666,2736,2530,2494,2606,2134,2544,2705,2725,2372,2481,2169,2605,2711,2743,1739,2481,2673,1906,2188,2312,2695,2215,2145,2079,1960,2403,2167,1678,2428
"ETRE_UW150845_3_S407",2397,2707,2674,2749,2779,2795,2131,2798,2716,1858,2693,2716,1796,2766,2673,2555,2757,2556,2334,2738,2774,2756,2457,2610,2779,2754,1877,1898,2016,2301,733,2623,2395,2366,2765,2797,2174,1913,2345,2553,2769,2169,2777,377,2044,1636,2746,2651,2421,2715,2712,0,1819,1515,2785,2418,2658,2453,2380,2633,2439,2717,1714,2687,2233,2764,2770,2727,2793,2568,2532,2644,2158,2593,2761,2785,2399,2508,2202,2658,2764,2799,1758,2523,2728,1935,2219,2352,2742,2231,2169,2112,1969,2447,2199,1683,2458
"LCAL_UW157321_S432",1739,1811,1807,1815,1825,1831,1628,1825,1814,1511,1809,1812,1481,1820,1790,1781,1819,1780,1698,1819,1827,1820,1747,1789,1829,1815,1529,1556,1571,1696,700,1787,1734,1728,1817,1830,1657,1558,1719,1785,1817,1676,1815,365,1597,1402,1813,1786,1740,1822,1795,1819,0,1290,1830,1718,1802,1741,1725,1780,1729,1809,1443,1806,1687,1820,1815,1807,1824,1775,1768,1792,1641,1778,1819,1824,1737,1754,1656,1784,1823,1836,1472,1756,1816,1546,1653,1702,1824,1673,1630,1599,1601,1730,1645,1411,1736
"LCAL_UW158059_S447",1449,1499,1504,1511,1512,1520,1397,1511,1510,1321,1495,1506,1311,1514,1495,1470,1515,1488,1451,1507,1511,1515,1477,1489,1523,1507,1326,1332,1380,1436,674,1487,1445,1436,1515,1518,1412,1310,1449,1480,1506,1386,1507,367,1354,1203,1514,1486,1446,1509,1508,1515,1290,0,1514,1465,1506,1462,1451,1485,1456,1497,1252,1498,1407,1509,1507,1506,1512,1480,1477,1491,1373,1490,1514,1510,1447,1473,1404,1480,1510,1521,1267,1471,1509,1313,1396,1432,1519,1408,1369,1366,1339,1437,1401,1267,1465
"LCUR_UW44503_3_S438",2407,2751,2704,2788,2818,2834,2147,2854,2749,1873,2732,2747,1802,2801,2716,2577,2798,2569,2358,2772,2812,2801,2487,2661,2817,2792,1884,1899,2033,2335,729,2655,2409,2386,2809,2846,2178,1913,2354,2574,2814,2176,2826,373,2056,1638,2771,2669,2445,2750,2730,2785,1830,1514,0,2443,2701,2484,2400,2668,2464,2755,1722,2732,2254,2816,2822,2778,2843,2598,2559,2694,2174,2630,2814,2835,2420,2540,2208,2698,2808,2846,1756,2550,2762,1932,2232,2375,2784,2248,2183,2126,1970,2465,2211,1686,2497
"LCUR_UW44504_S439",2161,2390,2357,2410,2432,2442,1988,2448,2392,1789,2374,2382,1714,2419,2368,2293,2415,2285,2130,2405,2428,2417,2228,2330,2431,2415,1766,1791,1907,2128,726,2315,2163,2140,2435,2451,2005,1798,2133,2272,2427,1998,2432,372,1884,1561,2406,2349,2206,2390,2369,2418,1718,1465,2443,0,2358,2216,2166,2337,2201,2389,1650,2374,2056,2427,2438,2413,2447,2299,2266,2352,1989,2312,2432,2437,2165,2256,2023,2338,2424,2444,1669,2282,2400,1793,2026,2156,2402,2042,1966,1953,1847,2199,2022,1615,2234
"LCYC_UW151759_S455",2335,2626,2590,2660,2687,2698,2098,2709,2635,1841,2623,2629,1779,2673,2601,2510,2668,2483,2285,2652,2676,2665,2403,2544,2689,2660,1858,1870,1998,2269,729,2543,2336,2306,2686,2706,2136,1889,2298,2484,2678,2133,2686,373,2005,1622,2650,2565,2369,2625,2615,2658,1802,1506,2701,2358,0,2408,2332,2559,2383,2632,1704,2623,2202,2685,2685,2651,2705,2511,2474,2589,2126,2538,2676,2697,2355,2446,2158,2589,2676,2706,1729,2467,2646,1898,2171,2312,2664,2195,2125,2067,1939,2374,2163,1669,2393
"LDEN_UW155676_4_S473",2213,2438,2400,2447,2471,2479,1998,2487,2435,1781,2425,2412,1719,2459,2408,2340,2450,2331,2176,2448,2463,2461,2265,2383,2468,2445,1783,1799,1923,2139,727,2363,2204,2179,2467,2483,2036,1809,2163,2310,2460,2034,2468,372,1913,1579,2445,2372,2211,2426,2420,2453,1741,1462,2484,2216,2408,0,2195,2388,2232,2430,1643,2424,2083,2467,2472,2439,2485,2330,2310,2401,2013,2356,2459,2478,2202,2300,2031,2397,2466,2485,1676,2297,2438,1823,2049,2167,2451,2083,2017,1974,1860,2241,2050,1627,2274
"LDEN_UW155676_5_S429",2166,2350,2324,2376,2389,2402,1937,2405,2349,1751,2343,2354,1694,2380,2330,2256,2378,2254,2120,2364,2383,2375,2187,2297,2391,2376,1769,1789,1872,2094,723,2287,2154,2124,2390,2404,2006,1785,2118,2244,2382,1991,2395,373,1901,1564,2372,2304,2157,2360,2349,2380,1725,1451,2400,2166,2332,2195,0,2298,2171,2353,1630,2349,2060,2381,2395,2363,2404,2280,2252,2330,1992,2288,2389,2401,2159,2240,1995,2305,2386,2400,1665,2242,2365,1798,2024,2116,2382,2030,1975,1923,1858,2176,2001,1616,2190
"LFAB_UW153118_S462",2308,2598,2554,2622,2652,2664,2081,2676,2604,1831,2584,2584,1760,2639,2563,2469,2634,2442,2272,2613,2647,2635,2370,2512,2652,2629,1831,1852,1980,2239,727,2516,2315,2274,2645,2679,2111,1871,2262,2455,2640,2114,2655,372,1982,1611,2615,2532,2343,2595,2587,2633,1780,1485,2668,2337,2559,2388,2298,0,2368,2598,1689,2575,2174,2657,2660,2616,2676,2479,2436,2555,2102,2500,2641,2665,2321,2435,2129,2557,2642,2674,1715,2436,2605,1876,2144,2296,2625,2165,2105,2059,1909,2350,2131,1655,2379
"LFAB_UW153122_S463",2173,2407,2380,2431,2453,2459,1982,2474,2417,1760,2404,2401,1713,2446,2387,2308,2435,2307,2153,2419,2441,2442,2238,2355,2445,2439,1764,1788,1906,2122,720,2338,2180,2163,2446,2469,2003,1783,2144,2292,2451,2005,2448,372,1904,1561,2431,2367,2202,2408,2402,2439,1729,1456,2464,2201,2383,2232,2171,2368,0,2409,1632,2391,2060,2452,2455,2418,2468,2310,2282,2372,1991,2326,2442,2460,2194,2277,2010,2364,2453,2467,1666,2284,2411,1802,2040,2152,2435,2048,1992,1950,1841,2214,2015,1620,2240
"LFLE_UW119829_S398",2365,2675,2640,2714,2744,2754,2110,2763,2677,1845,2659,2678,1775,2732,2648,2526,2721,2517,2312,2709,2744,2724,2428,2592,2746,2717,1870,1883,2008,2288,729,2596,2368,2345,2733,2765,2155,1902,2323,2526,2738,2140,2742,373,2037,1622,2703,2625,2401,2679,2669,2717,1809,1497,2755,2389,2632,2430,2353,2598,2409,0,1704,2657,2209,2738,2735,2695,2757,2539,2503,2616,2133,2559,2727,2745,2375,2481,2172,2615,2727,2765,1737,2487,2698,1893,2192,2317,2702,2219,2144,2085,1948,2415,2175,1672,2441
"LFLE_UW159752_S433",1622,1702,1686,1713,1717,1725,1542,1717,1701,1436,1702,1706,1415,1709,1685,1672,1710,1681,1618,1711,1716,1714,1659,1688,1720,1708,1457,1503,1517,1591,694,1687,1641,1628,1713,1725,1582,1464,1636,1670,1713,1568,1712,371,1529,1356,1702,1691,1648,1711,1706,1714,1443,1252,1722,1650,1704,1643,1630,1689,1632,1704,0,1697,1595,1712,1712,1703,1719,1670,1655,1694,1558,1675,1711,1713,1639,1663,1578,1678,1711,1724,1406,1649,1705,1474,1577,1610,1716,1588,1550,1522,1499,1627,1565,1348,1643
"LFLO_UW151666_S454",2354,2660,2615,2686,2711,2724,2109,2738,2661,1845,2649,2650,1776,2695,2623,2519,2692,2501,2305,2673,2707,2697,2411,2571,2710,2689,1861,1877,2001,2266,728,2567,2347,2333,2704,2734,2136,1889,2298,2500,2707,2131,2714,374,2019,1615,2672,2583,2383,2660,2638,2687,1806,1498,2732,2374,2623,2424,2349,2575,2391,2657,1697,0,2204,2710,2714,2675,2730,2529,2492,2606,2135,2544,2705,2721,2362,2475,2158,2602,2702,2734,1740,2472,2673,1900,2176,2318,2684,2203,2134,2068,1939,2403,2165,1674,2424
"LFUC_UW155026_S428",2047,2214,2201,2230,2249,2258,1873,2253,2216,1701,2200,2211,1646,2240,2187,2132,2231,2135,2025,2221,2239,2231,2096,2172,2243,2234,1720,1743,1800,1989,722,2170,2042,2029,2245,2255,1927,1752,2033,2124,2236,1913,2237,370,1824,1537,2225,2164,2062,2221,2207,2233,1687,1407,2254,2056,2202,2083,2060,2174,2060,2209,1595,2204,0,2240,2240,2209,2251,2148,2127,2206,1901,2158,2236,2246,2061,2121,1913,2175,2239,2254,1617,2108,2220,1738,1904,2006,2229,1960,1885,1821,1783,2066,1935,1572,2076
"LGIB_UW153834_2_S466",2401,2729,2679,2764,2794,2807,2127,2825,2729,1862,2710,2726,1792,2781,2691,2562,2775,2552,2342,2750,2791,2776,2463,2634,2793,2771,1876,1892,2023,2316,727,2644,2397,2371,2785,2817,2170,1907,2345,2561,2787,2160,2797,372,2045,1629,2753,2653,2427,2731,2706,2764,1820,1509,2816,2427,2685,2467,2381,2657,2452,2738,1712,2710,2240,0,2805,2757,2822,2593,2546,2664,2169,2609,2786,2813,2410,2526,2195,2671,2784,2816,1753,2528,2743,1926,2214,2362,2765,2238,2164,2102,1966,2448,2194,1680,2476
"LGIB_UW153834_S465",2395,2734,2683,2769,2804,2816,2128,2834,2735,1868,2716,2728,1789,2785,2702,2568,2781,2554,2348,2756,2798,2780,2470,2643,2798,2778,1878,1890,2022,2322,722,2642,2402,2372,2793,2831,2164,1901,2342,2565,2797,2169,2806,369,2045,1625,2760,2660,2429,2735,2723,2770,1815,1507,2822,2438,2685,2472,2395,2660,2455,2735,1712,2714,2240,2805,0,2758,2835,2585,2546,2677,2168,2611,2791,2820,2407,2533,2199,2680,2792,2823,1749,2544,2746,1922,2221,2363,2767,2246,2170,2112,1964,2455,2194,1681,2481
"LGRE_UW112669_S441",2372,2694,2648,2727,2754,2771,2116,2792,2696,1854,2681,2686,1788,2742,2665,2535,2738,2521,2322,2711,2754,2736,2445,2604,2757,2731,1867,1870,2006,2292,726,2606,2367,2342,2749,2782,2151,1892,2312,2527,2748,2134,2761,373,2025,1620,2719,2621,2396,2694,2666,2727,1807,1506,2778,2413,2651,2439,2363,2616,2418,2695,1703,2675,2209,2757,2758,0,2780,2544,2512,2636,2145,2575,2757,2768,2372,2492,2171,2645,2751,2780,1739,2507,2702,1909,2195,2342,2724,2214,2145,2095,1951,2428,2173,1678,2450
"LMAR_UW153108_S461",2410,2755,2705,2794,2827,2838,2147,2855,2755,1875,2736,2754,1801,2807,2721,2584,2807,2572,2363,2781,2820,2801,2487,2662,2823,2797,1883,1898,2033,2331,727,2664,2419,2384,2816,2851,2183,1917,2355,2583,2816,2181,2832,373,2057,1634,2781,2679,2449,2760,2736,2793,1824,1512,2843,2447,2705,2485,2404,2676,2468,2757,1719,2730,2251,2822,2835,2780,0,2604,2561,2693,2179,2629,2813,2842,2419,2543,2214,2702,2814,2847,1756,2557,2769,1933,2235,2379,2788,2249,2182,2125,1972,2472,2210,1689,2496
"LMAR_UW153127_S415",2282,2521,2501,2565,2590,2598,2036,2604,2536,1791,2520,2539,1754,2577,2507,2407,2572,2404,2232,2553,2585,2573,2332,2469,2588,2565,1825,1842,1942,2193,729,2463,2287,2244,2578,2602,2087,1852,2235,2402,2579,2084,2586,372,1975,1597,2555,2479,2285,2537,2530,2568,1775,1480,2598,2299,2511,2330,2280,2479,2310,2539,1670,2529,2148,2593,2585,2544,2604,0,2381,2480,2077,2457,2573,2599,2311,2375,2088,2481,2578,2603,1708,2389,2560,1852,2114,2228,2563,2129,2065,2013,1906,2308,2092,1649,2320
"LNAN_UW119179_2_S452",2255,2497,2465,2524,2552,2558,2014,2569,2507,1801,2491,2505,1741,2534,2479,2387,2532,2363,2208,2523,2544,2530,2310,2436,2551,2529,1811,1826,1928,2183,727,2437,2247,2231,2551,2574,2063,1849,2206,2380,2543,2071,2548,373,1959,1585,2522,2439,2265,2504,2494,2532,1768,1477,2559,2266,2474,2310,2252,2436,2282,2503,1655,2492,2127,2546,2546,2512,2561,2381,0,2458,2056,2418,2536,2558,2247,2352,2075,2458,2542,2567,1698,2361,2511,1857,2084,2214,2529,2126,2052,2008,1896,2285,2077,1642,2319
"LNAN_UW119179_3_S453",2337,2623,2583,2650,2673,2697,2084,2701,2624,1833,2605,2619,1769,2663,2586,2484,2663,2471,2271,2636,2674,2660,2398,2542,2679,2652,1843,1861,1992,2251,728,2547,2330,2309,2666,2698,2126,1880,2273,2467,2669,2128,2679,375,1995,1611,2643,2549,2351,2616,2606,2644,1792,1491,2694,2352,2589,2401,2330,2555,2372,2616,1694,2606,2206,2664,2677,2636,2693,2480,2458,0,2108,2520,2664,2686,2328,2442,2138,2574,2667,2694,1726,2458,2633,1894,2165,2306,2644,2182,2121,2067,1924,2372,2142,1665,2401
"LOCH_UW49438_S434",1983,2136,2121,2163,2169,2175,1828,2176,2139,1644,2132,2134,1597,2160,2115,2063,2152,2052,1938,2152,2165,2165,2021,2092,2172,2153,1668,1704,1755,1920,710,2090,1980,1971,2163,2182,1850,1686,1963,2064,2163,1858,2164,369,1776,1507,2143,2096,1970,2142,2134,2158,1641,1373,2174,1989,2126,2013,1992,2102,1991,2133,1558,2135,1901,2169,2168,2145,2179,2077,2056,2108,0,2080,2159,2173,1983,2036,1860,2100,2169,2180,1579,2040,2142,1691,1850,1937,2157,1898,1839,1777,1740,1992,1864,1510,2002
"LPUL_UW115848_S482",2291,2557,2527,2587,2613,2617,2043,2635,2562,1803,2549,2558,1752,2603,2536,2424,2595,2422,2243,2587,2607,2593,2361,2479,2616,2594,1827,1850,1961,2221,721,2479,2295,2267,2613,2629,2097,1861,2232,2426,2606,2102,2614,371,1982,1600,2576,2498,2317,2558,2544,2593,1778,1490,2630,2312,2538,2356,2288,2500,2326,2559,1675,2544,2158,2609,2611,2575,2629,2457,2418,2520,2080,0,2604,2623,2295,2407,2113,2511,2609,2627,1714,2408,2570,1868,2128,2260,2584,2145,2087,2032,1916,2332,2115,1651,2353
"LSIM_UW44502_S437",2383,2722,2678,2757,2794,2803,2138,2818,2722,1868,2704,2719,1799,2773,2689,2560,2769,2558,2345,2744,2786,2769,2462,2633,2788,2761,1874,1885,2023,2312,729,2635,2392,2367,2783,2815,2167,1909,2337,2552,2782,2154,2791,374,2052,1636,2744,2647,2425,2724,2705,2761,1819,1514,2814,2432,2676,2459,2389,2641,2442,2727,1711,2705,2236,2786,2791,2757,2813,2573,2536,2664,2159,2604,0,2804,2397,2521,2193,2673,2780,2815,1752,2528,2739,1923,2220,2362,2755,2236,2165,2104,1966,2445,2194,1687,2475
"LTUN_UW153126_S456",2401,2744,2698,2780,2812,2827,2136,2848,2747,1867,2728,2741,1800,2797,2710,2575,2790,2559,2350,2768,2807,2788,2480,2650,2811,2785,1877,1892,2019,2327,728,2650,2406,2381,2804,2839,2176,1907,2347,2568,2806,2171,2821,373,2055,1635,2768,2668,2440,2746,2725,2785,1824,1510,2835,2437,2697,2478,2401,2665,2460,2745,1713,2721,2246,2813,2820,2768,2842,2599,2558,2686,2173,2623,2804,0,2417,2540,2203,2692,2804,2837,1757,2543,2759,1930,2233,2374,2778,2246,2176,2117,1964,2456,2196,1682,2489
